11.0013
10.89
11.0155
11.7666
13.1413
12.7982
13.3458
14.3058
14.16
13.1186
12.7129
12.2748
12.3789
12.3093
11.4639
8.46347
6.41869
3.77993
3.04508
2.69653
2.46895
2.32065
2.23932
2.52679
2.70053
3.66781
8.07353
11.933
12.7374
12.8682
13.1529
14.0585
12.734
12.9611
12.8924
11.536
10.6198
10.211
9.81114
8.87759
8.82221
8.47303
7.77381
7.30266
6.44498
6.55866
6.81165
7.25099
8.26044
7.30822
8.03986
7.53884
8.24337
8.10374
8.70569
8.9638
9.03585
8.21426
6.55352
6.08883
4.76192
4.90148
4.08315
4.23156
4.18957
4.657
4.97441
5.26712
5.93848
7.03538
6.90074
5.93892
5.72547
7.44792
6.786
6.98955
8.54752
8.10403
8.72093
8.90052
7.62188
6.83513
6.78304
7.1164
7.37617
6.70165
6.39997
6.74858
6.34619
6.77472
6.53095
7.71998
7.11152
7.6183
5.97336
4.8481
4.82445
4.73637
4.93262
4.93517
